1  A 0.922 G 0.072 T 0.003 C 0.002
2  A 0.943 G 0.044 T 0.008 C 0.006
3  A 0.610 G 0.292 T 0.057 C 0.041
4  A 0.971 G 0.026 C 0.002 T 0.001
5  A 0.861 G 0.137 C 0.001 T 0.001
6  A 0.642 G 0.245 T 0.066 C 0.047
7  A 0.821 G 0.078 C 0.068 T 0.033
8  G 0.928 A 0.071 T 0.001
9  G 0.449 A 0.428 T 0.072 C 0.052
10  A 0.999 G 0.001
11  A 0.987 G 0.013
12  A 0.664 G 0.259 T 0.045 C 0.032
13  T 0.402 A 0.270 G 0.214 C 0.114
14  T 0.885 C 0.087 A 0.017 G 0.011
15  A 0.427 G 0.223 T 0.205 C 0.145
16  C 0.963 T 0.026 A 0.008 G 0.003
17  A 0.867 C 0.059 G 0.056 T 0.018
18  A 0.527 G 0.273 T 0.116 C 0.083
19  T 0.600 A 0.303 G 0.059 C 0.038
20  T 0.999 C 0.001
21  G 0.399 A 0.382 T 0.126 C 0.093
22  A 0.934 G 0.065 T 0.001
23  A 0.976 G 0.023 T 0.001
24  G 0.445 A 0.425 T 0.076 C 0.054
25  T 0.999 C 0.001
26  A 0.859 G 0.096 T 0.028 C 0.017
27  C 0.516 T 0.383 A 0.060 G 0.040
28  A 0.999 G 0.001
29  T 0.999 C 0.001
30  C 0.439 T 0.328 A 0.140 G 0.093
31  A 0.520 G 0.479 C 0.001 T 0.001
32  G 0.639 A 0.323 T 0.027 C 0.010
33  C 0.410 T 0.297 A 0.174 G 0.118
34  A 0.988 G 0.012
35  A 0.999 G 0.001
36  C 0.518 T 0.382 A 0.060 G 0.040
37  A 0.987 G 0.013
38  A 0.915 G 0.064 C 0.014 T 0.008
39  A 0.685 G 0.249 T 0.039 C 0.028
40  A 0.592 T 0.281 G 0.093 C 0.035
41  C 0.988 T 0.011
42  A 0.315 T 0.278 G 0.209 C 0.199
43  A 0.857 G 0.101 T 0.024 C 0.018
44  G 0.980 A 0.020
45  A 0.615 G 0.295 T 0.052 C 0.037
46  C 0.856 T 0.086 A 0.037 G 0.021
47  G 1.000
48  A 0.368 G 0.236 T 0.231 C 0.165
49  C 0.981 T 0.013 A 0.004 G 0.002
50  A 0.964 G 0.035
51  A 0.579 G 0.207 T 0.137 C 0.077
52  G 0.948 A 0.039 T 0.010 C 0.004
53  T 0.999 C 0.001
54  A 0.499 G 0.260 T 0.141 C 0.100
55  A 0.999 G 0.001
56  C 1.000
57  A 0.315 T 0.278 G 0.209 C 0.199
58  T 0.999 C 0.001
59  T 0.975 C 0.015 A 0.007 G 0.003
60  T 0.616 C 0.284 A 0.060 G 0.040
61  G 0.347 T 0.344 A 0.245 C 0.064
62  C 0.963 T 0.026 A 0.008 G 0.003
63  A 0.315 T 0.278 G 0.209 C 0.199
64  A 0.999 G 0.001
65  A 0.967 G 0.022 C 0.007 T 0.004
66  A 0.692 G 0.258 T 0.029 C 0.021
67  A 0.579 G 0.273 T 0.086 C 0.062
68  G 1.000
69  A 0.354 T 0.241 G 0.233 C 0.172
70  C 0.880 T 0.077 A 0.028 G 0.015
71  G 0.992 A 0.008
72  A 0.651 G 0.265 T 0.049 C 0.035
73  A 0.735 G 0.155 C 0.085 T 0.025
74  T 0.880 A 0.057 C 0.048 G 0.015
75  A 0.435 G 0.206 T 0.204 C 0.155
76  G 1.000
77  G 1.000
78  A 0.368 G 0.236 T 0.231 C 0.165
79  T 0.875 A 0.059 C 0.050 G 0.017
80  T 0.999 C 0.001
81  A 0.353 T 0.242 G 0.232 C 0.173
82  A 0.999 G 0.001
83  T 0.999 C 0.001
84  G 1.000
85  A 0.999 G 0.001
86  A 0.999 G 0.001
87  G 0.474 A 0.437 T 0.052 C 0.037
88  A 0.999 G 0.001
89  A 0.999 G 0.001
90  A 0.615 G 0.296 T 0.052 C 0.037
91  G 0.410 T 0.312 A 0.251 C 0.027
92  G 0.934 A 0.034 C 0.025 T 0.007
93  A 0.315 T 0.278 G 0.209 C 0.199
94  T 0.999 C 0.001
95  A 0.987 G 0.013
96  T 0.941 C 0.046 A 0.008 G 0.005
97  G 1.000
98  A 0.999 G 0.001
99  A 0.609 G 0.293 T 0.057 C 0.041
100  C 0.539 T 0.365 A 0.058 G 0.038
101  T 0.999 C 0.001
102  A 0.311 T 0.285 G 0.206 C 0.198
103  T 0.982 C 0.016 A 0.001 G 0.001
104  C 0.995 T 0.005
105  A 0.350 T 0.244 G 0.232 C 0.174
106  G 0.978 A 0.016 T 0.004 C 0.001
107  T 0.999 C 0.001
108  A 0.539 G 0.268 T 0.112 C 0.081
109  A 0.528 G 0.251 T 0.127 C 0.094
110  T 0.999 C 0.001
111  A 0.356 G 0.253 T 0.228 C 0.163
112  A 0.999 G 0.001
113  C 1.000
114  A 0.350 T 0.244 G 0.232 C 0.174
115  G 1.000
116  G 1.000
117  A 0.351 T 0.243 G 0.232 C 0.174
118  G 0.992 A 0.008
119  T 0.908 C 0.092
120  A 0.350 T 0.244 G 0.232 C 0.174
121  A 0.988 G 0.012
122  A 0.999 G 0.001
123  T 0.640 C 0.270 A 0.054 G 0.036
124  A 0.793 G 0.206 C 0.001 T 0.001
125  T 0.999 C 0.001
126  A 0.350 T 0.244 G 0.232 C 0.175
127  T 0.600 C 0.307 A 0.056 G 0.037
128  T 0.999 C 0.001
129  A 0.453 G 0.254 T 0.171 C 0.122
130  C 0.704 T 0.237 A 0.035 G 0.023
131  T 0.999 C 0.001
132  T 0.449 A 0.210 C 0.199 G 0.142
133  T 0.619 C 0.280 A 0.061 G 0.040
134  T 0.999 C 0.001
135  A 0.616 G 0.294 T 0.052 C 0.037
136  G 0.547 A 0.450 T 0.002 C 0.001
137  T 0.999 C 0.001
138  A 0.350 T 0.244 G 0.232 C 0.174
139  T 0.434 G 0.264 C 0.219 A 0.083
140  C 0.900 T 0.099
141  A 0.350 T 0.244 G 0.232 C 0.174
142  T 0.992 C 0.007
143  C 1.000
144  A 0.350 T 0.244 G 0.232 C 0.174
145  A 0.816 G 0.094 T 0.052 C 0.037
146  C 0.519 T 0.268 A 0.128 G 0.085
147  T 0.583 C 0.204 A 0.128 G 0.085
148  G 0.574 A 0.418 C 0.004 T 0.004
149  A 0.970 G 0.027 C 0.002 T 0.002
150  T 0.493 C 0.257 A 0.150 G 0.100
151  T 0.517 A 0.280 G 0.137 C 0.066
152  C 0.613 A 0.307 G 0.046 T 0.034
153  A 0.350 T 0.244 G 0.232 C 0.174
154  G 0.734 A 0.266
155  A 0.911 G 0.088
156  A 0.350 T 0.244 G 0.232 C 0.174
157  T 0.617 C 0.282 A 0.060 G 0.040
158  T 0.975 C 0.015 A 0.007 G 0.003
159  A 0.375 G 0.237 T 0.226 C 0.162
160  G 1.000
161  T 0.999 C 0.001
162  A 0.350 T 0.244 G 0.232 C 0.174
163  T 0.999 C 0.001
164  A 0.999 G 0.001
165  C 0.574 T 0.337 A 0.053 G 0.035
166  A 0.967 G 0.022 T 0.008 C 0.003
167  C 0.979 T 0.021
168  A 0.436 G 0.229 T 0.197 C 0.138
169  T 0.999 C 0.001
170  T 0.999 C 0.001
171  T 0.618 C 0.283 A 0.060 G 0.040
172  T 0.884 A 0.049 C 0.046 G 0.021
173  C 0.987 T 0.012
174  C 0.425 T 0.346 A 0.138 G 0.091
175  A 0.967 G 0.022 T 0.008 C 0.003
176  C 1.000
177  A 0.350 T 0.244 G 0.232 C 0.174
178  C 1.000
179  C 1.000
180  A 0.315 T 0.278 G 0.209 C 0.199
181  A 0.999 G 0.001
182  A 0.978 G 0.022
183  G 0.459 A 0.425 T 0.067 C 0.048
184  C 0.514 T 0.478 A 0.005 G 0.003
185  T 0.999 C 0.001
186  A 0.421 G 0.415 T 0.096 C 0.069
187  C 0.965 T 0.023 G 0.008 A 0.004
188  G 0.890 A 0.109
189  A 0.590 G 0.282 T 0.074 C 0.053
190  C 0.981 T 0.013 A 0.004 G 0.002
191  G 0.695 A 0.195 C 0.085 T 0.025
192  A 0.350 T 0.244 G 0.232 C 0.175
193  T 0.669 C 0.178 A 0.089 G 0.065
194  T 0.999 C 0.001
195  A 0.314 T 0.278 G 0.208 C 0.200
196  A 0.661 G 0.337 C 0.001 T 0.001
197  T 0.999 C 0.001
198  A 0.315 T 0.278 G 0.209 C 0.199
199  G 0.539 A 0.459 C 0.001 T 0.001
200  A 0.792 G 0.206 C 0.001 T 0.001
201  A 0.357 G 0.255 T 0.226 C 0.162
202  G 0.937 A 0.047 T 0.011 C 0.004
203  A 0.935 G 0.064 T 0.001
204  A 0.521 G 0.246 T 0.137 C 0.095
205  A 0.814 G 0.184 C 0.001 T 0.001
206  A 0.965 G 0.032 T 0.002 C 0.001
207  T 0.382 A 0.242 C 0.216 G 0.160
208  G 0.992 A 0.008
209  A 0.984 G 0.014 C 0.001 T 0.001
210  G 0.460 A 0.424 T 0.068 C 0.048
211  G 1.000
212  G 1.000
213  T 0.609 C 0.276 A 0.069 G 0.046
214  A 0.947 G 0.035 C 0.011 T 0.007
215  A 0.987 G 0.012
216  A 0.724 G 0.238 T 0.022 C 0.016
217  A 0.885 G 0.112 C 0.001 T 0.001
218  G 0.649 A 0.346 T 0.003 C 0.002
219  T 0.457 A 0.204 C 0.202 G 0.137
220  T 0.622 C 0.281 A 0.059 G 0.039
221  T 0.999 C 0.001
222  A 0.382 G 0.239 T 0.221 C 0.158
223  G 0.570 A 0.428 C 0.001 T 0.001
224  T 0.999 C 0.001
225  T 0.489 C 0.216 A 0.179 G 0.116
226  C 0.985 T 0.014
227  G 0.992 A 0.008
228  C 0.352 T 0.263 A 0.232 G 0.153
229  A 0.947 G 0.050 T 0.002 C 0.001
230  A 0.922 G 0.068 T 0.006 C 0.004
231  A 0.315 T 0.278 G 0.209 C 0.199
232  T 0.999 C 0.001
233  G 1.000
234  T 0.674 C 0.244 A 0.049 G 0.033
235  T 0.634 C 0.267 A 0.060 G 0.040
236  T 0.999 C 0.001
237  G 0.457 A 0.443 T 0.059 C 0.042
238  A 0.890 G 0.076 C 0.018 T 0.016
239  A 0.976 G 0.023 T 0.001
240  A 0.499 G 0.237 T 0.153 C 0.112
241  A 0.551 G 0.444 C 0.003 T 0.002
242  A 0.939 G 0.053 T 0.005 C 0.003
243  A 0.350 T 0.244 G 0.232 C 0.174
244  G 0.810 A 0.157 T 0.019 C 0.014
245  A 0.962 G 0.036 C 0.001 T 0.001
246  A 0.350 T 0.244 G 0.232 C 0.174
247  G 0.738 A 0.261 C 0.001 T 0.001
248  A 0.914 G 0.078 C 0.005 T 0.003
249  C 0.516 T 0.382 A 0.061 G 0.041
