
Estimated rates for sites from BASEML.
(Scer_ar24: 1.269845, (((Zrou_Ar26: 1.812852, (Cgla_Ar28: 1.770756, (Tpha_Ar31: 7.428758, Zpol_Ar30: 1.629735): 3.531203): 0.362012): 0.348763, Tdel_Ar29: 1.601168): 0.500805, (Kafr_Ar23: 0.853265, ((Klac_MA20: 0.023632, (Ecym_MA18: 0.404217, (Agos_MA16: 0.126507, (Lthe_MA19: 0.143725, (Ylip_MA21: 0.355977, Kpas_MA22: 0.950727): 0.121866): 0.274421): 0.512038): 0.232082): 0.471008, ((((Ncas_Mc10: 0.312761, ((Ncas_Mc09: 0.278892, Vpol_Mc03: 0.248795): 0.160814, Vpol_Mc08: 0.244130): 0.034769): 0.077974, (((Tbla_Mc15: 0.051528, Tbla_Mc12: 0.271285): 0.094149, (Ndai_Mc06: 0.266929, (Tpha_Mc13: 0.092167, (Kafr_MA17: 0.559158, Cgla_Mc14: 0.364441): 0.203765): 0.123957): 0.082773): 0.041534, Ndai_Mc11: 0.228381): 0.039110): 0.223640, (Cgla_Mc01: 0.427555, (Zrou_Mc05: 0.067551, (Tpha_Mc04: 0.389507, Scer_Mc00: 0.456738): 0.215246): 0.255183): 0.121089): 0.072612, (Tdel_Mc02: 0.393476, Kafr_Mc07: 0.196148): 0.060584): 0.252523): 1.599778): 0.535480): 0.194224, (Ncas_Ar25: 0.717756, Ndai_Ar27: 1.167231): 0.487237);

Frequencies and rates for categories (K=4)
rate:  0.00506  0.10223  0.59087  3.30185
freq:  0.25000  0.25000  0.25000  0.25000

Posterior probabilities for site classes, by site

     1      0.0001    0.9501    0.0499    0.0000
     2      0.0017    0.9215    0.0768    0.0000
     3      0.0000    0.0001    0.9763    0.0236
     4      0.0358    0.9569    0.0073    0.0000
     5      0.0013    0.9967    0.0019    0.0000
     6      0.0000    0.1338    0.8660    0.0002
     7      0.0001    0.8867    0.1133    0.0000
     8      0.0002    0.9960    0.0037    0.0000
     9      0.0000    0.0011    0.9785    0.0204
    10      0.9455    0.0545    0.0000    0.0000
    11      0.4459    0.5535    0.0006    0.0000
    12      0.0000    0.1409    0.8591    0.0000
    13      0.0000    0.4917    0.5083    0.0000
    14      0.0001    0.7760    0.2239    0.0000
    15      0.0000    0.0000    0.6885    0.3115
    16      0.0527    0.9471    0.0001    0.0000
    17      0.0340    0.9639    0.0021    0.0000
    18      0.0000    0.0000    0.7154    0.2846
    19      0.0011    0.9502    0.0486    0.0000
    20      0.9417    0.0583    0.0000    0.0000
    21      0.0000    0.0001    0.9890    0.0109
    22      0.0447    0.9535    0.0018    0.0000
    23      0.0377    0.9557    0.0065    0.0000
    24      0.0000    0.0001    0.9947    0.0052
    25      0.9417    0.0583    0.0000    0.0000
    26      0.0000    0.7504    0.2495    0.0000
    27      0.0000    0.0019    0.9981    0.0000
    28      0.9455    0.0545    0.0000    0.0000
    29      0.9417    0.0583    0.0000    0.0000
    30      0.0000    0.0000    0.9134    0.0866
    31      0.0554    0.9444    0.0001    0.0000
    32      0.0016    0.9868    0.0116    0.0000
    33      0.0000    0.0140    0.9856    0.0004
    34      0.4697    0.5300    0.0003    0.0000
    35      0.9455    0.0545    0.0000    0.0000
    36      0.0000    0.0004    0.9989    0.0007
    37      0.4384    0.5609    0.0007    0.0000
    38      0.0014    0.9540    0.0447    0.0000
    39      0.0000    0.2862    0.7137    0.0000
    40      0.0011    0.9380    0.0608    0.0000
    41      0.0680    0.9317    0.0003    0.0000
    42      0.0000    0.0000    0.0010    0.9990
    43      0.0001    0.6954    0.3045    0.0001
    44      0.7259    0.2741    0.0000    0.0000
    45      0.0000    0.0016    0.9976    0.0008
    46      0.0001    0.7962    0.2037    0.0000
    47      0.9825    0.0175    0.0000    0.0000
    48      0.0000    0.0000    0.0682    0.9318
    49      0.5192    0.4808    0.0000    0.0000
    50      0.5051    0.4948    0.0001    0.0000
    51      0.0000    0.3531    0.6469    0.0000
    52      0.0635    0.9363    0.0002    0.0000
    53      0.9417    0.0583    0.0000    0.0000
    54      0.0000    0.0000    0.6793    0.3207
    55      0.9455    0.0545    0.0000    0.0000
    56      0.9724    0.0276    0.0000    0.0000
    57      0.0000    0.0000    0.0003    0.9997
    58      0.9417    0.0583    0.0000    0.0000
    59      0.3659    0.6338    0.0003    0.0000
    60      0.0000    0.0051    0.9949    0.0000
    61      0.0000    0.7862    0.2138    0.0000
    62      0.0486    0.9512    0.0002    0.0000
    63      0.0000    0.0000    0.0001    0.9999
    64      0.9455    0.0545    0.0000    0.0000
    65      0.3855    0.6141    0.0004    0.0000
    66      0.0000    0.4436    0.5564    0.0000
    67      0.0000    0.0016    0.9427    0.0557
    68      0.9825    0.0175    0.0000    0.0000
    69      0.0000    0.0000    0.0179    0.9821
    70      0.0001    0.8387    0.1612    0.0000
    71      0.6510    0.3490    0.0000    0.0000
    72      0.0000    0.0998    0.9001    0.0000
    73      0.0032    0.9961    0.0007    0.0000
    74      0.0016    0.9669    0.0315    0.0000
    75      0.0000    0.0089    0.9910    0.0000
    76      0.9825    0.0175    0.0000    0.0000
    77      0.9825    0.0175    0.0000    0.0000
    78      0.0000    0.0000    0.0769    0.9231
    79      0.0015    0.9559    0.0427    0.0000
    80      0.9417    0.0583    0.0000    0.0000
    81      0.0000    0.0000    0.0222    0.9778
    82      0.9455    0.0545    0.0000    0.0000
    83      0.9417    0.0583    0.0000    0.0000
    84      0.9825    0.0175    0.0000    0.0000
    85      0.9455    0.0545    0.0000    0.0000
    86      0.9455    0.0545    0.0000    0.0000
    87      0.0000    0.0053    0.9932    0.0015
    88      0.9455    0.0545    0.0000    0.0000
    89      0.9455    0.0545    0.0000    0.0000
    90      0.0000    0.0110    0.9887    0.0003
    91      0.0833    0.9166    0.0001    0.0000
    92      0.5579    0.4420    0.0000    0.0000
    93      0.0000    0.0000    0.0001    0.9999
    94      0.9417    0.0583    0.0000    0.0000
    95      0.4349    0.5642    0.0009    0.0000
    96      0.0001    0.8752    0.1247    0.0000
    97      0.9825    0.0175    0.0000    0.0000
    98      0.9455    0.0545    0.0000    0.0000
    99      0.0000    0.0000    0.9744    0.0255
   100      0.0000    0.0390    0.9609    0.0000
   101      0.9417    0.0583    0.0000    0.0000
   102      0.0000    0.0000    0.0457    0.9543
   103      0.0318    0.9609    0.0074    0.0000
   104      0.6249    0.3751    0.0000    0.0000
   105      0.0000    0.0000    0.0000    1.0000
   106      0.6191    0.3809    0.0000    0.0000
   107      0.9417    0.0583    0.0000    0.0000
   108      0.0000    0.0000    0.8143    0.1857
   109      0.0000    0.0000    0.9819    0.0181
   110      0.9417    0.0583    0.0000    0.0000
   111      0.0000    0.0000    0.0962    0.9038
   112      0.9455    0.0545    0.0000    0.0000
   113      0.9724    0.0276    0.0000    0.0000
   114      0.0000    0.0000    0.0012    0.9988
   115      0.9825    0.0175    0.0000    0.0000
   116      0.9825    0.0175    0.0000    0.0000
   117      0.0000    0.0000    0.0123    0.9877
   118      0.6510    0.3490    0.0000    0.0000
   119      0.5380    0.4620    0.0000    0.0000
   120      0.0000    0.0000    0.0000    1.0000
   121      0.4822    0.5175    0.0002    0.0000
   122      0.9455    0.0545    0.0000    0.0000
   123      0.0000    0.1060    0.8940    0.0000
   124      0.0036    0.9958    0.0007    0.0000
   125      0.9417    0.0583    0.0000    0.0000
   126      0.0000    0.0000    0.0001    0.9999
   127      0.0000    0.0751    0.9249    0.0000
   128      0.9417    0.0583    0.0000    0.0000
   129      0.0000    0.0000    0.4190    0.5810
   130      0.0000    0.4132    0.5868    0.0000
   131      0.9417    0.0583    0.0000    0.0000
   132      0.0000    0.0003    0.9899    0.0098
   133      0.0000    0.0002    0.9992    0.0005
   134      0.9417    0.0583    0.0000    0.0000
   135      0.0000    0.0017    0.9980    0.0003
   136      0.0001    0.9852    0.0148    0.0000
   137      0.9417    0.0583    0.0000    0.0000
   138      0.0000    0.0000    0.0012    0.9988
   139      0.0000    0.8529    0.1471    0.0000
   140      0.4569    0.5430    0.0001    0.0000
   141      0.0000    0.0000    0.0008    0.9992
   142      0.4270    0.5726    0.0003    0.0000
   143      0.9724    0.0276    0.0000    0.0000
   144      0.0000    0.0000    0.0002    0.9998
   145      0.4345    0.2559    0.1584    0.1513
   146      0.0382    0.3658    0.3085    0.2875
   147      0.0382    0.3658    0.3085    0.2875
   148      0.0001    0.9762    0.0238    0.0000
   149      0.0327    0.9561    0.0112    0.0000
   150      0.0000    0.0000    0.6535    0.3465
   151      0.0001    0.8028    0.1972    0.0000
   152      0.0159    0.9813    0.0029    0.0000
   153      0.0000    0.0000    0.0013    0.9987
   154      0.5692    0.4308    0.0000    0.0000
   155      0.6239    0.3761    0.0000    0.0000
   156      0.0000    0.0000    0.0024    0.9976
   157      0.0000    0.0046    0.9954    0.0000
   158      0.3659    0.6338    0.0003    0.0000
   159      0.0000    0.0000    0.1056    0.8944
   160      0.9825    0.0175    0.0000    0.0000
   161      0.9417    0.0583    0.0000    0.0000
   162      0.0000    0.0000    0.0016    0.9984
   163      0.9417    0.0583    0.0000    0.0000
   164      0.9455    0.0545    0.0000    0.0000
   165      0.0000    0.1052    0.8947    0.0001
   166      0.3855    0.6141    0.0004    0.0000
   167      0.6235    0.3765    0.0000    0.0000
   168      0.0000    0.0000    0.6797    0.3202
   169      0.9417    0.0583    0.0000    0.0000
   170      0.9417    0.0583    0.0000    0.0000
   171      0.0000    0.0110    0.9889    0.0000
   172      0.0016    0.9747    0.0237    0.0000
   173      0.0041    0.9944    0.0015    0.0000
   174      0.0000    0.0000    0.8136    0.1864
   175      0.3855    0.6141    0.0004    0.0000
   176      0.9724    0.0276    0.0000    0.0000
   177      0.0000    0.0000    0.0000    1.0000
   178      0.9724    0.0276    0.0000    0.0000
   179      0.9724    0.0276    0.0000    0.0000
   180      0.0000    0.0000    0.0001    0.9999
   181      0.9455    0.0545    0.0000    0.0000
   182      0.4479    0.5517    0.0004    0.0000
   183      0.0000    0.0156    0.9843    0.0001
   184      0.0000    0.9395    0.0605    0.0000
   185      0.9417    0.0583    0.0000    0.0000
   186      0.0000    0.0000    0.7751    0.2249
   187      0.0723    0.9270    0.0007    0.0000
   188      0.4961    0.5037    0.0002    0.0000
   189      0.0000    0.0035    0.9962    0.0003
   190      0.5192    0.4808    0.0000    0.0000
   191      0.0029    0.9961    0.0010    0.0000
   192      0.0000    0.0000    0.0003    0.9997
   193      0.0000    0.4038    0.5962    0.0000
   194      0.9417    0.0583    0.0000    0.0000
   195      0.0000    0.0000    0.0042    0.9958
   196      0.0028    0.9963    0.0009    0.0000
   197      0.9417    0.0583    0.0000    0.0000
   198      0.0000    0.0000    0.0002    0.9998
   199      0.0210    0.9753    0.0037    0.0000
   200      0.0030    0.9958    0.0012    0.0000
   201      0.0000    0.0000    0.1059    0.8941
   202      0.0001    0.9855    0.0143    0.0000
   203      0.0486    0.9503    0.0012    0.0000
   204      0.0000    0.0009    0.9953    0.0038
   205      0.0001    0.9874    0.0125    0.0000
   206      0.0020    0.9714    0.0266    0.0000
   207      0.0000    0.0000    0.3945    0.6055
   208      0.6983    0.3017    0.0000    0.0000
   209      0.4303    0.5689    0.0008    0.0000
   210      0.0000    0.0124    0.9875    0.0000
   211      0.9825    0.0175    0.0000    0.0000
   212      0.9825    0.0175    0.0000    0.0000
   213      0.0000    0.0002    0.9937    0.0062
   214      0.0293    0.9663    0.0044    0.0000
   215      0.4552    0.5445    0.0003    0.0000
   216      0.0000    0.5848    0.4151    0.0000
   217      0.0017    0.9817    0.0166    0.0000
   218      0.0000    0.9483    0.0517    0.0000
   219      0.0000    0.0002    0.9993    0.0005
   220      0.0000    0.0346    0.9654    0.0000
   221      0.9417    0.0583    0.0000    0.0000
   222      0.0000    0.0000    0.1311    0.8689
   223      0.0203    0.9778    0.0019    0.0000
   224      0.9417    0.0583    0.0000    0.0000
   225      0.0000    0.0004    0.9955    0.0042
   226      0.0034    0.9937    0.0028    0.0000
   227      0.6510    0.3490    0.0000    0.0000
   228      0.0000    0.0013    0.9985    0.0002
   229      0.0001    0.9740    0.0258    0.0000
   230      0.0001    0.9177    0.0822    0.0000
   231      0.0000    0.0000    0.0000    1.0000
   232      0.9417    0.0583    0.0000    0.0000
   233      0.9825    0.0175    0.0000    0.0000
   234      0.0000    0.1918    0.8082    0.0000
   235      0.0000    0.0066    0.9929    0.0005
   236      0.9417    0.0583    0.0000    0.0000
   237      0.0000    0.0002    0.9675    0.0322
   238      0.0001    0.8666    0.1333    0.0000
   239      0.0401    0.9552    0.0047    0.0000
   240      0.0000    0.0001    0.9973    0.0027
   241      0.0487    0.9512    0.0001    0.0000
   242      0.0001    0.9321    0.0678    0.0000
   243      0.0000    0.0000    0.0005    0.9995
   244      0.0000    0.6816    0.3184    0.0000
   245      0.0023    0.9854    0.0124    0.0000
   246      0.0000    0.0000    0.0017    0.9983
   247      0.0008    0.9977    0.0015    0.0000
   248      0.0019    0.9811    0.0170    0.0000
   249      0.0000    0.0175    0.9824    0.0001

   Site  Freq   Data    Rate (posterior mean & category)

      1     1  GAGGGGGGGGGAGGTGGGAGGGGAGGGGGACG    0.127     2
      2     1  AAAAACAAAAATAACAAACAACAAAAAAAAAA    0.140     2
      3     1  GAATGTAAAAGGGGTAAGGAAAGAGAGGGAGG    0.655     3
      4     1  CCAAAAAAACCAAAAAAAAAAAAAAAAACAAA    0.102     2
      5     1  GGGGGGGGGGGGGGAGGGGGGAGAGGGGGAAG    0.103     2
      6     1  GAAAGAAAGCCAAAAGAAGAAAATAAAAAAAA    0.526     3
      7     1  ACAAAAAAACCCAACAAACAACAACAAACACA    0.158     2
      8     1  GGGGGGAGGGGAGGAGGGGGGAGAGGGGGGGG    0.104     2
      9     1  ACAAAAAAATCAAGAAGAGAAAAATAAAAGGA    0.646     3
     10    15  AAAAAAAAAAAAAAAAAAAAAAAAAAAAAAAA    0.010     1
     11     1  AAAAAAAAAAAGAAAAAAAAAAAAAAAAAAAA    0.059     2
     12     1  GAGAAAAAAGGAGGGAGGGAAAGGGAGGGAAG    0.522     3
     13     1  AGAAAAAAAAAAAAAAAACAAGAAAAAAATTA    0.351     3
     14     1  TCTTTATTTTTTTTTTTTATTTTTTTTTTTAT    0.212     2
     15     1  TTTTCTTTTTCATCTTTAGTAGATTTTTTACT    1.435     3
     16     1  GCGGGCGGGGGCGGCGGGCGGCGAGGGGGCCG    0.097     2
     17     1  ACAAACAAAAACAACAAACAACAAAAAAAACA    0.100     2
     18     1  GGGAATTAGGGCAAAAAAGAAGGGAAGAAATA    1.362     3
     19     1  ATAAAAAAAAAAAAAAAAAAAGAAAAAAATAA    0.126     2
     20    27  TTTTTTTTTTTTTTTTTTTTTTTTTTTTTTTT    0.011     1
     21     1  CACCCTCACCCCTTCTCTCATCCTTTTCCGAC    0.620     3
     22     1  AAAAAAAAAAAAAATAAAAAAAAGAAAAAAAA    0.099     2
     23     1  AAAAAAAAAAAAAACAAAGAAAAAAAAAAAAA    0.102     2
     24     1  AAGGGAGAAAGAAAAAGGGAAAATGAGAGGGG    0.605     3
     25    27  TTTTTTTTTTTTTTTTTTTTTTTTTTTTTTTT    0.011     1
     26     1  TATTTAATTTTATTTTTTATTATTTTTTTAAT    0.224     2
     27     1  CTTCTTTCCCCTCCTCCCCCCCTTCCTTCCCC    0.590     3
     28    15  AAAAAAAAAAAAAAAAAAAAAAAAAAAAAAAA    0.010     1
     29    27  TTTTTTTTTTTTTTTTTTTTTTTTTTTTTTTT    0.011     1
     30     1  CAATTCTTTTCCATTCTCCCTACATTATCCCT    0.826     3
     31     1  CGGGCGGGCCCGGGGGGGGGGGGGGGGGCAGG    0.097     2
     32     1  AAAAAAAAAAAAAAAAAAAAACATAAAAAGAA    0.108     2
     33     1  GGGAAGAAGGGAAAGAAGGGAGGCGAAAGCAA    0.585     3
     34     1  GAAAGAAAGGGAAAAAAAAAAAAAAAAAGAAA    0.057     2
     35    15  AAAAAAAAAAAAAAAAAAAAAAAAAAAAAAAA    0.010     1
     36     1  TCCCTTTTTTCCCTTTTTTTTTCTTTTCCCCT    0.593     3
     37     1  AAAAAAAAAAAAAAAAAAAAACAAAAAAAAAA    0.060     2
     38     1  ACAAAAAAAAAAAAAAAAAAACAAAAAAAAGA    0.124     2
     39     1  GAGAGGAAGGGGAAGAAAGAACGAAAGAGAGA    0.451     3
     40     1  AAAAAAAAAAAAAAAAAAAAAGAAAAAATTAA    0.132     2
     41     1  CCCCCCCCCGCCCCGCCCCCCCCCCCCCCCCC    0.096     2
     42     1  GTTTTGCACTCGAATAAACAACCTGAAGGTCA    3.299     4
     43     1  CAAAAAAAACACAACAAACAACAAAAAACAAA    0.251     2
     44     1  GGGGGGGGGGGGGGGGGGGGGGGAGGGGGGGG    0.032     1
     45     1  GGAAGAGAGTAAAAAAAGGAAAAAAAAAAAGG    0.592     3
     46     1  CCAACACCCCCACCACCCACCACCCCCCCCAC    0.202     2
     47    12  GGGGGGGGGGGGGGGGGGGGGGGGGGGGGGGG    0.007     1
     48     1  CGAGTATATTGATAAGTCATTATGCTTTAAAC    3.117     4
     49     2  CCCCCCCCCCCCCCCCCCCCCCCACCCCCCCC    0.052     1
     50     1  AAAAAAAAAAAAAAAAAAAAAAAGAAAAAAAA    0.053     1
     51     1  CTTTTGCTTCCTTTTTTTTTTTTGCTTTCATT    0.418     3
     52     1  AGGGAGGGAAAGGGGGGGGGGGGTGGGGAGGG    0.096     2
     53    27  TTTTTTTTTTTTTTTTTTTTTTTTTTTTTTTT    0.011     1
     54     1  TGCGCTCCCTCTTCTTCGCCCTGGGTCTTAAG    1.460     3
     55    15  AAAAAAAAAAAAAAAAAAAAAAAAAAAAAAAA    0.010     1
     56     6  CCCCCCCCCCCCCCCCCCCCCCCCCCCCCCCC    0.008     1
     57     1  AGTGAAACCCCCTGATTACTAAGTGATTCCCG    3.301     4
     58    27  TTTTTTTTTTTTTTTTTTTTTTTTTTTTTTTT    0.011     1
     59     2  TTTTTTTTTTTTTTTTTTTTTTTATTTTTTTT    0.067     2
     60     1  TCCTTCCCTCCTTCTCCTCCCTCTCCTCTTCC    0.588     3
     61     1  TGTTTGATTTTGTTGTTTTTTGTATTTTTTGT    0.207     2
     62     1  CCCCCCGCCCCCCCCCCCCCCCCACCCCCCCC    0.098     2
     63     1  GAAAGCTAGCCCTGGCTCGCCCCTGTTGCCCT    3.302     4
     64    15  AAAAAAAAAAAAAAAAAAAAAAAAAAAAAAAA    0.010     1
     65     1  AAAAAAAAAAAAAAAAAAAAAAACAAAAAAAA    0.065     2
     66     1  GGGGAAAGGGGGGGAGGAGGGGGAAGGAGAGA    0.374     3
     67     1  CAAACCAACACCAAAAAAAAAAACCAACCAAC    0.741     3
     68    12  GGGGGGGGGGGGGGGGGGGGGGGGGGGGGGGG    0.007     1
     69     1  TGAATAGGGACGAAAAAGGAAAGTTGGGAAAT    3.253     4
     70     1  ACAAAAAAAAAAAACAAACAACAAAAAAACAA    0.181     2
     71     3  AGAAAGAAAAAGAAGAAAGAAGAGAAAAAGGA    0.039     1
     72     1  GAGAGGAGAGGAGAAAAGGAATGAGAAAGAAG    0.542     3
     73     1  CCCCCCCCCCCCCCCCCCCCCCCGCCCCGACC    0.102     2
     74     1  AAAAAAAAAGAAAAAAAAAAAAATAAAACTAA    0.117     2
     75     1  TCTTTTTCTTTTTTTTTCCTTCCTTTTCCACT    0.587     3
     76    12  GGGGGGGGGGGGGGGGGGGGGGGGGGGGGGGG    0.007     1
     77    12  GGGGGGGGGGGGGGGGGGGGGGGGGGGGGGGG    0.007     1
     78     1  GGTTGAGTTTGGTTTGTTGGTATCGTGTAAAT    3.093     4
     79     1  AAAAATAAAGAAAAAAAAAAAAATAAAAATAA    0.123     2
     80    27  TTTTTTTTTTTTTTTTTTTTTTTTTTTTTTTT    0.011     1
     81     1  CTCTTAAATGCTTATCACCCCCTGCCTTTATT    3.242     4
     82    15  AAAAAAAAAAAAAAAAAAAAAAAAAAAAAAAA    0.010     1
     83    27  TTTTTTTTTTTTTTTTTTTTTTTTTTTTTTTT    0.011     1
     84    12  GGGGGGGGGGGGGGGGGGGGGGGGGGGGGGGG    0.007     1
     85    15  AAAAAAAAAAAAAAAAAAAAAAAAAAAAAAAA    0.010     1
     86    15  AAAAAAAAAAAAAAAAAAAAAAAAAAAAAAAA    0.010     1
     87     1  GGGAGAAAGAAGGGGAAAAAAGGGGGGGGGAG    0.592     3
     88    15  AAAAAAAAAAAAAAAAAAAAAAAAAAAAAAAA    0.010     1
     89    15  AAAAAAAAAAAAAAAAAAAAAAAAAAAAAAAA    0.010     1
     90     1  GGAGGAGAGGGGAAAGAGAGGGGAAAAAGAGA    0.586     3
     91     1  GGGGGGGGGGGGGGGGGGGGGGGAGGGGGTGG    0.094     2
     92     1  CCCCCCCCCCCCCCCCCCCCCCCGCCCCCGCC    0.048     1
     93     1  TCCTGGTTACGCTAGAAGATTAATCTTTACCT    3.302     4
     94    27  TTTTTTTTTTTTTTTTTTTTTTTTTTTTTTTT    0.011     1
     95     1  AATTAATTAAAATTATTTATTATATTTTAAAT    0.060     2
     96     1  CTTTTTTCTCCCTTTTTTTTTTCTTTTTCTCT    0.163     2
     97    12  GGGGGGGGGGGGGGGGGGGGGGGGGGGGGGGG    0.007     1
     98    15  AAAAAAAAAAAAAAAAAAAAAAAAAAAAAAAA    0.010     1
     99     1  AGGGAGAAGGGAAAAAAGGGGAGAGAGAAAAG    0.660     3
    100     1  CCCTTTCTTCCCTTTTTCCTTTTTTTTTCCCC    0.572     3
    101    27  TTTTTTTTTTTTTTTTTTTTTTTTTTTTTTTT    0.011     1
    102     1  GATGGAGAATGAGGGGATCGAGGGAAGAGTGT    3.178     4
    103     1  TGTTTTTTTTTATTATTTTTTTTTTTTTTTTT    0.103     2
    104     1  CCCCCCCCCCCGCCGCCCCCCCCCCCCCCCCC    0.042     1
    105     1  GGTATGGTTACTGATCTTCATATAGATATAAG    3.302     4
    106     1  GGGGGGGGGGGGGGGGGGGGGGGTGGGGGGGG    0.042     1
    107    27  TTTTTTTTTTTTTTTTTTTTTTTTTTTTTTTT    0.011     1
    108     1  GAGAGAAGGAGGCGGAATCAATGGGTTTGACG    1.094     3
    109     1  TACTTACTTCCTTCTTTCCTCCTACTCCCACC    0.640     3
    110    27  TTTTTTTTTTTTTTTTTTTTTTTTTTTTTTTT    0.011     1
    111     1  GGTGGGGGACCGATGAGAAGACGCGATTCGAG    3.041     4
    112    15  AAAAAAAAAAAAAAAAAAAAAAAAAAAAAAAA    0.010     1
    113     6  CCCCCCCCCCCCCCCCCCCCCCCCCCCCCCCC    0.008     1
    114     1  AGAATCACAAGATATTAGCTAACTGATTCAAA    3.299     4
    115    12  GGGGGGGGGGGGGGGGGGGGGGGGGGGGGGGG    0.007     1
    116    12  GGGGGGGGGGGGGGGGGGGGGGGGGGGGGGGG    0.007     1
    117     1  GCGCCTATTGCATATTTGCTTAATGTTTCACT    3.268     4
    118     3  AGAAAGAAAAAGAAGAAAGAAGAGAAAAAGGA    0.039     1
    119     1  CCCCCCCCCCCCCCCCCCCCCCCTCCCCCTCC    0.050     1
    120     1  AGAACACTTAGTTACACCCGTCCCGATCCAGT    3.302     4
    121     1  CACCCACCCCCACCACCCACCACACCCCCAAC    0.055     2
    122    15  AAAAAAAAAAAAAAAAAAAAAAAAAAAAAAAA    0.010     1
    123     1  GCAAGTGAGGGTAATAAGTAACGTAAAAGTCA    0.539     3
    124     1  GGGGGAGGGGGGGGGGGGAGGGGAGGGGGAGG    0.102     2
    125    27  TTTTTTTTTTTTTTTTTTTTTTTTTTTTTTTT    0.011     1
    126     1  GTAGTTATTAGCGAACACTTCCTCGTTTTGCT    3.302     4
    127     1  CCCTCTTTCTCCTTCCCCCCTCTCCTTTCTCC    0.554     3
    128    27  TTTTTTTTTTTTTTTTTTTTTTTTTTTTTTTT    0.011     1
    129     1  GTGATGAATGGTGAATAGGAAAAGGAGGGAGT    2.166     4
    130     1  CCTTCCCCCCTCCTTCTTCTTCCTTTTTCCCT    0.389     3
    131    27  TTTTTTTTTTTTTTTTTTTTTTTTTTTTTTTT    0.011     1
    132     1  GGGATAATTGGGAAGAAGTAACTAGAGAGTGG    0.617     3
    133     1  CCCTCTTTTTCTCTTCTCCTTTCCTTTTCTCC    0.592     3
    134    27  TTTTTTTTTTTTTTTTTTTTTTTTTTTTTTTT    0.011     1
    135     1  GGAGTGGGGGGGTGAGAAAGGAGAAGAGGAAG    0.591     3
    136     1  GAGAGAGGGGGAAGAGGGAGGAGAGGGGGGAG    0.109     2
    137    27  TTTTTTTTTTTTTTTTTTTTTTTTTTTTTTTT    0.011     1
    138     1  GATTTTTCTGGCCACTCCTTCATTACTACACT    3.299     4
    139     1  GTGGGGGGGGGCGGTGGGCGGTGTGGGGGGCG    0.174     2
    140     1  TTTTTTTTTTTTTTTTTTTTTTTCTTTTTCTT    0.058     2
    141     1  TGAAGACTTTCTCTACTTGTTGCACACTGACT    3.300     4
    142     1  TTTTTTTTTTTTTTTTTTGTTTTTTTTTTTTT    0.061     2
    143     6  CCCCCCCCCCCCCCCCCCCCCCCCCCCCCCCC    0.008     1
    144     1  GCTACTTTTATGTTTTAAATAATGCGGTTAGT    3.301     4
    145     1  -----------------------A-----A--    0.621     1
    146     1  -----------------------T-----C--    1.169     2
    147     1  -----------------------C-----T--    1.169     2
    148     1  GCGGGAGGGGGGGGAGGGAGGAGAGGGGGGAG    0.114     2
    149     1  ACAAAAAAAAAGAAGAAAAAAAAAAAAAAAAA    0.105     2
    150     1  ACGAGCGAAGGAGGCAAACAAAGTGAAGGTCA    1.530     3
    151     1  AAAAAAAAAAATAATAAATAATAGAAAAATAA    0.199     2
    152     1  CACCCCCCCCCCCCCCCCCCCCCACCCCCCAC    0.102     2
    153     1  GGTCATTACTCCATTCTATATATTTCATCACC    3.298     4
    154     1  GGGGGGGGGGGGGGGGGGGGGGGGGGGGGAGG    0.047     1
    155     1  GGGGGGGGGGGGGGGGGGGGGGGAGGGGGAGG    0.042     1
    156     1  CTTTATTTTAGCGAGAATCGGAGCGTGAAACT    3.295     4
    157     1  CCCCCTCCCCCTTTCTTTCCTTTTTTTTCTCC    0.589     3
    158     2  TTTTTTTTTTTTTTTTTTTTTTTATTTTTTTT    0.067     2
    159     1  TACATGATAGCAGGTGGGGGGAGTGGGATAGC    3.015     4
    160    12  GGGGGGGGGGGGGGGGGGGGGGGGGGGGGGGG    0.007     1
    161    27  TTTTTTTTTTTTTTTTTTTTTTTTTTTTTTTT    0.011     1
    162     1  GATGTCGTTCGAAGAATACCCGTCTGTAGAAC    3.297     4
    163    27  TTTTTTTTTTTTTTTTTTTTTTTTTTTTTTTT    0.011     1
    164    15  AAAAAAAAAAAAAAAAAAAAAAAAAAAAAAAA    0.010     1
    165     1  CCCTCCTTTCCTTCTTCTCCCCCTTTTCCCCT    0.540     3
    166     2  AAAAAAAAAAAAAAAAAAAAAAATAAAAAAAA    0.065     2
    167     1  CCCCCCCCCCCCCCCCCCCCCCCTCCCCCCCC    0.042     1
    168     1  GGCATTATGTGTTTTTTTTATTTTTTTACATT    1.459     3
    169    27  TTTTTTTTTTTTTTTTTTTTTTTTTTTTTTTT    0.011     1
    170    27  TTTTTTTTTTTTTTTTTTTTTTTTTTTTTTTT    0.011     1
    171     1  CCCCTTCCCCCCCTTTTCCCTCCTCCTTCTTC    0.586     3
    172     1  AGAAAAAAAAAAAAAAAAATTAATAAAAATAA    0.114     2
    173     1  CCGGCCGGCCCGGGCGGGCCCCGCGGGGCCCG    0.103     2
    174     1  GTTTGCTTTTCCTCATTCACCTTATTTTTCAT    1.096     3
    175     2  AAAAAAAAAAAAAAAAAAAAAAATAAAAAAAA    0.065     2
    176     6  CCCCCCCCCCCCCCCCCCCCCCCCCCCCCCCC    0.008     1
    177     1  GATCTAGGATGGGTAAAGGCTATTAGTACAAG    3.302     4
    178     6  CCCCCCCCCCCCCCCCCCCCCCCCCCCCCCCC    0.008     1
    179     6  CCCCCCCCCCCCCCCCCCCCCCCCCCCCCCCC    0.008     1
    180     1  GCAAACGGACCTTCAGGGTGAACAGATACCAT    3.302     4
    181    15  AAAAAAAAAAAAAAAAAAAAAAAAAAAAAAAA    0.010     1
    182     1  AGAAAAAAAAAAAAAAAAAAAAAAAAAAAAAA    0.059     2
    183     1  GCAGAGGAGGGAAAAAAGGAAAAGGGAAGGAA    0.584     3
    184     1  TTTTTTTTTTTTTTCTTTCTTTTTTTTTCCTT    0.132     2
    185    27  TTTTTTTTTTTTTTTTTTTTTTTTTTTTTTTT    0.011     1
    186     1  CACTTATCCGTACTGTTTCCCGCACTTCGGGC    1.200     3
    187     1  CCGGCGGGCCCGGGGGGGGGGGGCGGGGCCGG    0.096     2
    188     1  AAAAAAAAAAAAAAAAAAAAAAAGAAAAAGAA    0.054     2
    189     1  GGAGGAGAAAGAAAAAAAGAAAATGGAGGAGA    0.590     3
    190     2  CCCCCCCCCCCCCCCCCCCCCCCACCCCCCCC    0.052     1
    191     1  CCCCCCCCCCCCCCCCCCCCCGCACCCCCGCC    0.102     2
    192     1  GTCTTAATCTCAAAAGATGCATTCCATACGTG    3.301     4
    193     1  ACAAAGAAATAGAAGAAAGAAAATAAAACTGA    0.394     3
    194    27  TTTTTTTTTTTTTTTTTTTTTTTTTTTTTTTT    0.011     1
    195     1  CGTAATTATGCGTTGTAAGTTAATTTCTTCGA    3.291     4
    196     1  GAGGGGGGGGGAGGAGGGGGGGGGGGGGGAGG    0.102     2
    197    27  TTTTTTTTTTTTTTTTTTTTTTTTTTTTTTTT    0.011     1
    198     1  CCCAGTACTGGATTACTCACTGGCCCATCCCT    3.301     4
    199     1  AAAAAAAAAAACAACAAACAAAAAAAAAAGAA    0.102     2
    200     1  CGCCCTCCCCCGCCGCCCGCCGCACCCCCAGC    0.103     2
    201     1  GGACAAGCATGATTAATGGTAGACGATTAGGG    3.015     4
    202     1  CGCCCACCCCCGCCGCCCGCCGCTCCCCAGGC    0.109     2
    203     1  AAAAAAAAAGAAAAAAAAAAAAAGAAAAAAAA    0.098     2
    204     1  GTAAATAAATGTAGTAAGAAAAATGAAAGAAG    0.601     3
    205     1  CGCCCGCCCCCGCCGCCCGCCCCACCCCCAAC    0.108     2
    206     1  CAAACACACCCAAAAAAAAAAAAAAAAACAGA    0.115     2
    207     1  CCGGTAAATACAGGTAAGCAAAATAAGACTGA    2.232     4
    208     1  GCGGGGGGGGGGGGGGGGGGGGGGGGGGGGGG    0.034     1
    209     1  ACAAAAAAAAAAAAAAAAAAAAAAAAAAAAAA    0.061     2
    210     1  GTAGGAGGGGGGAAAAAAGAAGGAGAAAGGAG    0.585     3
    211    12  GGGGGGGGGGGGGGGGGGGGGGGGGGGGGGGG    0.007     1
    212    12  GGGGGGGGGGGGGGGGGGGGGGGGGGGGGGGG    0.007     1
    213     1  CCTATTATCGCATTGTTTTTTCTTATTTCTGT    0.608     3
    214     1  AAAAAAAAAAAAAAAAAAAAAACCAAAAAAAA    0.102     2
    215     1  AAGGAAGGAAAAGGAGGGAGGAGAGGGGAAAG    0.058     2
    216     1  AGAAGGAAGGGGAGGAAAGAAGAAAGAAGAAA    0.305     2
    217     1  AGAAAAAAAAAGAAAAAAAAAAAAAAAAAAGA    0.110     2
    218     1  AAAAAAAAAAAGAAAAAAGAAGAAAAAAAGAA    0.127     2
    219     1  CGCTTTTTTCCATTCTCCCTTATATTTTCTGT    0.592     3
    220     1  CCTCCCTTTTCTTTCTTCCTTCTTCTTTCTTT    0.574     3
    221    27  TTTTTTTTTTTTTTTTTTTTTTTTTTTTTTTT    0.011     1
    222     1  GCGGTGGGAGCAGAGGGGCAAGGAGAGAGAGA    2.946     4
    223     1  AAAAAAAAAAAAAAAAAAAAAAAAAAAAAGGA    0.101     2
    224    27  TTTTTTTTTTTTTTTTTTTTTTTTTTTTTTTT    0.011     1
    225     1  CATCTACTTTCATTACTCCCTATTCTTTCTAT    0.602     3
    226     1  CCCCCACCCCCCCCCCCCACCCCCCCCCCCTC    0.103     2
    227     3  AGAAAGAAAAAGAAGAAAGAAGAGAAAAAGGA    0.039     1
    228     1  GAAAAAGGAGGAGAAAAGGAAAGGGAAAGCGG    0.591     3
    229     1  GAGGGGGGGAGGGGAGGGGGGCGAGGGGGAAG    0.115     2
    230     1  CGCCCCCCCACCCCACCCCCCACACCCCCAAC    0.142     2
    231     1  AGGGACATGCGAATAAACATTATAGTTACTGA    3.302     4
    232    27  TTTTTTTTTTTTTTTTTTTTTTTTTTTTTTTT    0.011     1
    233    12  GGGGGGGGGGGGGGGGGGGGGGGGGGGGGGGG    0.007     1
    234     1  CCTTTCTTTTTCTTTTTTCTTTTTTTTTCTTT    0.497     3
    235     1  TTTCTTTTTTCTCTTTTCATTTTTCTTCCTCT    0.589     3
    236    27  TTTTTTTTTTTTTTTTTTTTTTTTTTTTTTTT    0.011     1
    237     1  GAGAGGAAGGGAGAAAATCGAAAAGAGATGAA    0.678     3
    238     1  AAAAAAAAAAAAAAGAAAAAACACAAAAAAGA    0.167     2
    239     1  AAAAAAGAAAAAAAGAAAAAAAAAAAAAAAAA    0.101     2
    240     1  CCTTCTCTTTCTCTATTCTCTGTACTCTCACT    0.598     3
    241     1  GCGGGGGGGGGGGGGGGGGGGGGGGGGGGAGG    0.098     2
    242     1  CACCCCCCCCCGCCCCTCCCCACACCCCCAGC    0.135     2
    243     1  GGTTAAACACGTTAGAACTTTACAATTTGACA    3.300     4
    244     1  CGCCCGCCCTCCCCCCCCTCCGCGCCCCTGAC    0.258     2
    245     1  CACCCACCCCCCCCCCCCCCCACACCCCCAGC    0.108     2
    246     1  ATCTTATTAGCTTATTATAAAGAAATAAGAAT    3.297     4
    247     1  GAGGGGGGGGGGGGGGGGGGGAGAGGGGGGCG    0.103     2
    248     1  AAAAAAAAAAAAAAAAAAAAACAGAAAAAACA    0.110     2
    249     1  GTTCGTTTGCGTTTTTTTCTTATCTTTTTCCT    0.583     3

lnL =  -4676.615640

mean(r^)=   0.6419  var(r^)=   1.1196
Accuracy of rate prediction: corr(r^,r) =   0.5767
